3048
1919
3536
1186
1484
2508
1232
4399
2946
4041
176
759
4490
2530
2657
3016
3124
3134
3608
3892
156
548
1575
2294
2759
286
2815
2903
3397
4168
4666
1589
3722
3741
3770
4308
4407
4526
1752
2416
2793
4020
4747
667
686
1708
2144
2165
4150
4241
4253
4814
1536
2469
2593
3633
4619
4663
4815
279
331
617
1141
1872
3148
3814
3820
4284
467
1430
1631
3225
3299
4520
4612
4774
4983
285
335
571
707
924
1883
2009
3267
4084
646
2124
2546
2680
2969
3626
3742
4178
4892
551
999
1287
1753
2050
3082
3454
3475
3586
3645
3668
3708
3756
4935
126
213
650
959
1251
1306
1473
1693
1698
1905
2194
2223
2702
3105
3597
3643
3968
4029
4506
4571
243
387
428
435
527
1777
1780
1871
2142
2631
3867
4173
4502
4534
4683
4924
4926
19
362
385
2054
3060
3355
3538
3735
3884
3936
4236
4852
189
474
1735
2150
2304
2448
2621
3135
3191
3211
3263
3405
3647
3709
4233
4879
4945
158
169
629
1067
1077
1080
1317
1346
1441
1495
2196
2287
2630
2742
3245
4492
375
635
727
1036
1163
1201
1245
1470
1671
1738
1822
2039
2458
2527
2575
2708
2902
3025
3162
3226
3252
3345
3478
3529
3532
3570
3752
4202
4232
198
261
708
1109
1316
1837
2315
2492
2517
3277
3326
3415
4690
4857
4861
4951
4959
183
416
443
615
689
1016
1123
1238
1366
1963
1994
2078
2221
2330
2528
2876
3176
3486
3613
3713
3751
4373
4952
4978
22
449
470
492
497
813
835
1000
1104
1198
1275
1496
1681
1720
1729
1731
1853
2121
2129
2177
2216
2564
2792
3056
3098
3151
3240
3287
3491
3512
3609
3739
3870
4278
4600
4866
378
425
705
747
948
995
1538
1650
1655
1732
1781
1976
2001
2098
2225
2985
3768
4025
4057
4127
4200
4272
4347
43
123
321
337
342
475
630
840
1140
1392
1429
1431
1455
1505
1532
1929
2183
2227
2357
2582
2598
2643
2956
3034
3111
3256
3476
3535
3601
3877
3903
4003
4091
4315
4356
4427
4482
4537
4624
4672
4675
51
69
277
326
510
661
978
981
1086
1178
1259
1353
1548
1726
1768
2260
2296
2323
2716
2719
2749
2756
2775
3249
3272
3445
3504
3607
3624
3805
3900
4294
4589
4625
4679
4865
14
121
134
364
493
806
1075
1093
1199
1278
1448
1646
1826
1834
2026
2061
2099
2816
2912
3037
3118
3269
3409
3503
3683
3806
3858
4081
4282
4432
4450
4469
4477
4480
4543
4549
4618
4739
81
95
138
150
426
479
523
1128
1139
1145
1148
1158
1277
1515
1804
1813
2013
2111
2131
2174
2197
2406
2584
2654
2685
3294
3388
3653
3689
3774
3816
4176
4358
4411
4442
4523
4535
4599
4981
99
142
211
383
396
447
465
624
670
818
859
1085
1096
1118
1333
1408
1511
1612
1670
1967
2012
2074
2125
2168
2185
2201
2454
2724
2743
2871
2982
3006
3012
3166
3183
3296
3325
3408
3417
3680
3733
3810
4286
4380
4531
4616
4825
4835
4851
66
91
107
178
266
458
569
580
786
904
1107
1249
1382
1443
1647
1809
1875
1904
2091
2134
2159
2335
2450
2494
2639
3008
3119
3139
3149
3156
3234
3342
3350
3437
3448
3468
3738
3965
3966
4022
4238
4316
4425
4488
4647
4859
33
442
461
582
647
678
697
750
932
1221
1255
1355
1404
1483
1594
1762
1849
1971
1974
2024
2151
2166
2290
2293
2424
2535
2539
2594
2667
2758
2777
2837
2858
3023
3074
3077
3090
3165
3308
3323
3375
3526
3560
3599
3644
3736
3783
3784
3789
3823
3836
3957
3975
4002
4070
4099
4117
4197
4403
4424
4510
4645
4737
4869
4874
42
93
122
215
268
293
469
590
949
986
1155
1159
1227
1286
1314
1586
1674
1709
2149
2175
2356
2460
2617
2655
2674
2718
2725
2935
3321
3443
3455
3459
3466
3474
3558
3650
3676
3685
3827
3845
3958
4033
4119
4121
4217
4275
4291
4322
4532
4604
4650
4896
4932
13
61
152
233
242
284
323
328
957
993
1200
1269
1312
1460
1524
1645
1691
1906
2028
2081
2372
2473
2504
2536
2664
2693
2789
2914
2945
2997
3117
3178
3235
3280
3371
3690
3955
4074
4142
4146
4163
4186
4218
4226
4259
4262
4345
4415
4748
4819
4821
4902
4984
17
79
106
125
260
600
680
706
720
751
785
1027
1121
1166
1220
1290
1364
1370
1399
1401
1628
1629
1759
1820
2211
2214
2248
2352
2353
2525
2606
2629
2766
2788
2904
3136
3147
3169
3230
3262
3301
3336
3511
3571
3662
3667
3771
3879
3983
4271
4514
4593
4658
4757
4794
4845
82
103
112
124
129
186
207
256
301
307
309
314
351
471
512
532
610
616
672
693
709
735
897
1136
1252
1326
1700
1979
1985
2010
2467
2513
2712
2898
2989
3036
3075
3179
3227
3237
3374
3699
3701
3953
3999
4052
4061
4194
4212
4629
4636
4772
4780
4942
4944
4986
77
147
151
225
248
264
306
360
365
412
743
745
755
805
870
889
900
945
992
1064
1114
1134
1150
1213
1237
1338
1386
1419
1522
1530
1570
1576
1638
1711
1767
1785
1787
1847
1854
1954
2030
2110
2118
2278
2303
2331
2385
2599
2705
2797
2811
2938
2962
2973
3027
3163
3222
3236
3244
3248
3273
3279
3395
3481
3588
3803
3895
3926
3979
4008
4026
4066
4108
4231
4333
4383
4551
4584
4643
4713
4741
4755
4820
4982
28
40
52
55
90
161
245
253
281
334
399
564
622
679
692
802
868
874
1035
1069
1272
1467
1493
1518
1533
1609
1658
1817
1845
1888
1953
2008
2148
2203
2208
2219
2224
2280
2289
2329
2334
2363
2585
2696
2701
2799
2817
2838
2852
2877
3069
3150
3210
3439
3566
3628
3666
3748
3795
3904
3927
3988
4028
4093
