2143
3810
4171
4307
3188
1385
3620
3817
123
4215
1367
2782
1121
774
3149
220
4799
442
498
3756
1693
943
2237
2777
3391
2293
4787
4002
290
3391
3374
4219
1189
1203
2497
3495
3473
77
1313
1777
453
1900
746
4004
258
2327
3697
4207
2056
4203
3231
1425
3726
304
1483
914
3757
4775
328
4814
3478
2098
3187
965
966
1351
2747
3552
1198
3639
3855
1026
2400
2985
3612
2271
375
4122
4376
910
4207
2164
1214
3186
2197
1388
1162
3757
1968
4690
1919
1516
4799
3039
3345
3651
2181
1907
1610
606
1938
2685
21
1737
2968
2395
379
3264
2250
1220
227
2454
10
1098
2079
528
954
705
3330
3593
3593
2171
3013
2105
2546
2248
4939
3547
2257
1597
2598
2890
3479
493
3482
3266
2838
2081
2047
3412
2427
4527
4358
1039
400
1728
3372
3091
2151
3738
603
1106
1391
3534
2642
2544
2050
186
4165
4739
1964
1358
1899
847
4916
4497
3993
369
4069
2619
3670
3103
4267
3364
322
348
1378
1319
419
2605
4682
2803
272
3708
2870
248
370
177
1513
3135
3112
145
2579
2037
66
3315
3164
105
3559
3473
3154
1861
3194
4832
3317
2926
4149
3296
1920
2449
1783
2757
3189
817
4801
4752
3493
3587
2250
3031
50
2093
3751
2712
129
1336
2644
1596
2220
3955
2267
3766
4932
207
3537
1207
1092
2958
1743
3743
1137
2476
2291
1071
2261
1081
1321
3894
3822
3000
3311
4260
3241
480
4430
872
4491
1677
1817
4452
4043
3936
4313
1602
3409
4558
3748
1504
3179
3739
3724
4549
597
2415
2597
1115
3793
4306
2976
548
2685
612
1209
1763
4993
1954
2158
2628
1986
3541
4999
4944
3066
979
829
2160
4373
4299
3010
4997
2635
324
1257
1159
967
4156
692
2072
3840
907
4153
1893
349
286
2421
4902
4140
4223
373
4595
3631
2744
127
681
3692
4496
340
564
1503
825
3804
1769
2850
4189
2068
41
3006
4626
1227
765
1886
4299
3969
3560
4602
610
3151
3774
2815
3910
3198
3232
3307
3613
4120
1570
2703
4377
3077
3141
177
264
4498
4972
3610
1581
1404
4758
57
4173
2633
481
4709
12
2760
1056
4618
665
1869
4374
1668
1005
3178
2831
1158
1011
184
2654
1685
1245
1677
3563
3463
635
3526
896
748
580
2922
2762
187
4942
791
730
2997
3427
3598
4733
4202
608
89
3129
2933
928
4295
3450
3348
2018
1886
3191
3419
1983
4737
2886
2211
4289
1827
2725
1338
4421
4396
2539
225
4634
2658
3766
2712
4168
2832
2821
1906
4555
3336
1182
4677
2203
1519
2761
2192
2058
4239
3699
2061
1481
3640
4270
1007
4518
2139
4711
2238
4752
99
3558
3910
3775
1576
2421
1020
3872
3767
3753
3225
704
3639
1314
2995
2992
2995
4239
2366
2174
3572
512
1098
1040
1813
1640
480
3027
2497
654
2549
3269
973
3047
660
2987
3550
2979
2556
342
1822
2285
4954
4464
1864
256
3607
4579
1665
3189
3195
507
3231
2670
1748
155
3662
4494
3535
3216
3221
4226
4467
541
4386
4454
1741
2812
2748
4189
1751
2012
174
2038
2150
3398
2163
1414
2960
893
4427
3168
4380
2227
68
402
1965
1616
937
1129
4752
1516
2306
3531
2020
3034
2631
112
2917
1416
819
4532
3380
269
3543
3965
4646
1092
2264
1563
4741
1560
3251
2935
3845
4762
1247
176
693
1115
4192
4811
4720
2777
4826
4057
3657
840
2444
199
2714
623
4658
4241
2258
687
3725
1644
2646
1032
1094
99
3973
2986
3542
2581
1172
2356
1767
2829
884
1675
568
2895
4781
1593
710
4575
3281
1749
3235
2161
3342
1838
3072
4329
1437
3910
2901
3266
2590
807
4239
1840
3178
2483
2830
3107
1631
4027
8
4316
3907
2298
457
4571
1327
3169
78
2918
3694
4071
3501
500
4586
4976
2561
2404
4904
837
2695
2293
4797
2183
4677
1251
1432
2282
3864
4184
215
2658
2096
2857
946
4138
3338
956
311
113
4190
3785
1551
1953
1892
2267
3137
1543
2852
3131
3913
4669
1945
1660
3181
359
1699
3543
447
4789
1052
852
3462
3173
4357
4102
2861
466
4523
4817
2436
22
2344
2823
3264
377
3521
4043
2921
1963
1868
1503
1408
2434
1602
2938
4047
985
2053
162
3578
3537
1201
691
3726
1694
3322
4691
4525
2777
3423
38
981
991
4691
1335
650
2289
555
2412
4258
1911
1806
1880
4456
3918
2208
943
54
4759
1415
3695
2738
402
4921
3152
846
3700
1272
3747
634
4106
4298
1033
3421
4255
4886
893
4438
4277
2037
3510
4463
417
3925
2657
3018
377
1881
787
4911
1407
875
4758
910
681
4888
566
962
4998
1581
3463
1051
2998
398
4487
4566
3101
1520
694
2195
2268
1863
1120
4460
1075
3087
1703
488
298
3210
4806
1359
3085
1471
1203
2641
290
899
2580
1027
3272
2146
4682
4824
4695
1286
1996
1203
1676
4630
4084
2237
592
3460
1094
2203
3448
922
968
3128
845
3938
4668
3459
4797
4726
1065
1628
1379
4682
4382
1747
2207
970
4415
2585
4065
3659
902
2294
2266
1878
388
3609
4522
3769
380
1368
3564
1011
2085
869
4307
89
2550
2772
3250
318
834
2111
1141
4187
197
1911
3363
617
34
1368
1953
4319
318
1090
4217
2256
135
3577
3043
4670
571
1463
1902
161
4792
4369
42
2633
225
529
4629
4874
2617
3210
1803
2989
2747
664
2094
4867
330
3626
192
1899
2486
1786
3490
2447
1809
2439
3684
832
3250
244
1729
196
4534
1327
1818
575
4099
3400
91
4485
2381
1417
4018
3677
1766
991
4377
2718
3076
2579
4421
2093
2248
2683
3190
2440
3346
3350
1273
4503
1080
1523
2169
271
2450
2414
3693
1879
4378
4174
4518
1548
3468
158
3352
2718
2595
1371
2065
1545
2687
3095
4385
3161
1773
