23
25
30
41
55
57
58
61
72
75
76
80
81
94
97
99
102
103
104
107
113
125
126
129
140
147
149
160
174
176
178
184
188
190
193
206
209
221
224
225
234
237
241
244
245
251
256
264
271
280
281
287
289
293
296
298
308
312
318
322
325
327
330
331
334
336
347
351
367
368
369
371
372
373
378
379
382
384
394
405
408
415
418
421
426
428
432
433
434
438
442
451
457
467
474
475
483
485
489
490
492
512
521
527
531
532
535
536
540
542
548
553
554
556
557
558
560
563
572
574
575
581
596
600
602
604
614
617
618
621
625
630
631
642
652
653
662
669
673
674
678
683
686
690
693
694
700
710
719
721
724
734
738
741
748
764
766
777
778
784
785
789
791
793
797
799
801
812
815
824
827
831
836
861
863
871
872
875
885
894
937
942
957
961
963
969
974
977
978
988
996
1007
1008
1010
1011
1012
1013
1016
1020
1021
1024
1048
1053
1056
1069
1072
1075
1076
1079
1085
1090
1091
1094
1099
1100
1108
1114
1120
1127
1132
1136
1140
1151
1152
1163
1177
1184
1185
1188
1192
1194
1199
1200
1207
1208
1216
1217
1228
1233
1235
1238
1239
1244
1246
1253
1256
1260
1279
1283
1285
1288
1289
1300
1304
1309
1310
1313
1315
1316
1327
1331
1349
1361
1365
1371
1372
1375
1384
1386
1391
1407
1415
1428
1432
1439
1444
1446
1447
1450
1457
1463
1471
1476
1482
1483
1491
1494
1497
1498
1499
1506
1517
1532
1545
1547
1555
1559
1561
1565
1569
1570
1571
1573
1584
1591
1592
1597
1607
1610
1611
1614
1623
1638
1649
1655
1665
1668
1682
1687
1690
1698
1700
1702
1703
1704
1706
1712
1722
1730
1732
1734
1737
1743
1745
1754
1755
1756
1760
1764
1765
1774
1782
1787
1791
1794
1796
1809
1812
1816
1817
1818
1829
1833
1841
1844
1860
1863
1866
1869
1873
1877
1884
1891
1892
1895
1896
1897
1898
1906
1908
1927
1932
1933
1947
1952
1962
1965
1969
1979
1983
1984
1985
1994
1995
1997
2001
2004
2009
2018
2022
2029
2034
2043
2045
2047
2048
2054
2062
2066
2083
2084
2089
2091
2095
2101
2106
2109
2120
2121
2123
2126
2129
2131
2132
2135
2147
2151
2155
2156
2167
2171
2177
2182
2186
2194
2202
2203
2204
2207
2216
2218
2221
2222
2229
2241
2247
2257
2260
2267
2279
2281
2282
2284
2287
2288
2292
2300
2302
2316
2322
2331
2334
2337
2338
2342
2344
2357
2358
2360
2362
2368
2369
2371
2374
2381
2383
2390
2402
2406
2416
2419
2421
2441
2442
2443
2444
2447
2452
2456
2462
2466
2468
2469
2470
2472
2476
2481
2483
2486
2488
2492
2493
2494
2495
2497
2498
2499
2518
2519
2521
2526
2530
2532
2534
2539
2554
2559
2560
2561
2569
2570
2573
2581
2590
2600
2608
2617
2619
2620
2628
2631
2641
2642
2651
2652
2658
2662
2667
2676
2689
2691
2692
2704
2705
2706
2707
2716
2719
2721
2723
2725
2731
2735
2737
2738
2749
2750
2757
2765
2780
2781
2785
2791
2792
2794
2797
2798
2803
2809
2815
2816
2834
2836
2843
2855
2864
2865
2866
2870
2895
2905
2908
2909
2910
2911
2918
2928
2933
2934
2938
2949
2957
2958
2961
2982
2997
3000
3003
3004
3009
3016
3018
3019
3020
3027
3038
3050
3052
3054
3055
3057
3063
3065
3068
3070
3077
3078
3081
3085
3088
3103
3114
3117
3120
3122
3123
3126
3135
3138
3139
3141
3146
3148
3151
3152
3153
3156
3159
3164
3165
3166
3170
3180
3182
3184
3191
3192
3193
3205
3209
3210
3211
3225
3229
3234
3240
3241
3244
3249
3251
3277
3288
3292
3293
3296
3301
3312
3315
3321
3322
3331
3333
3340
3343
3345
3347
3352
3354
3355
3360
3361
3392
3393
3394
3403
3406
3407
3422
3426
3431
3438
3440
3441
3444
3447
3448
3449
3450
3451
3456
3465
3469
3478
3479
3481
3483
3487
3498
3499
3502
3503
3505
3513
3514
3515
3517
3524
3526
3527
3546
3554
3561
3567
3572
3573
3576
3586
3595
3598
3602
3616
3620
3625
3650
3664
3670
3674
3679
3680
3681
3682
3686
3689
3704
3712
3716
3718
3720
3722
3724
3729
3762
3767
3768
3774
3777
3778
3780
3784
3785
3787
3789
3796
3802
3803
3806
3808
3813
3814
3817
3819
3825
3830
3832
3839
3856
3858
3864
3866
3870
3879
3880
3886
3889
3893
3898
3902
3906
3911
3915
3920
3921
3924
3931
3933
3939
3949
3953
3954
3958
3964
3965
3989
3996
3998
4002
4006
4009
4026
4029
4030
4032
4034
4042
4043
4046
4050
4064
4072
4088
4097
4098
4102
4113
4118
4120
4121
4126
4135
4143
4144
4146
4147
4148
4153
4159
4163
4176
4179
4185
4191
4192
4197
4203
4207
4210
4214
4216
4226
4231
4248
4253
4257
4260
4262
4263
4264
4273
4279
4283
4287
4293
4298
4301
4304
4305
4306
4314
4315
4317
4318
4319
4320
4326
4328
4331
4338
4340
4342
4345
4349
4350
4354
4359
4367
4369
4370
4372
4374
4381
4386
4387
4395
4398
4399
4401
4403
4404
4409
4419
4425
4430
4434
4435
4439
4446
4447
4448
4452
4454
4456
4457
4461
4471
4472
4484
4492
4495
4501
4502
4507
4509
4510
4513
4514
4515
4519
4533
4537
4539
4553
4556
4557
4563
4567
4569
4586
4589
4598
4604
4605
4613
4617
4619
4620
4627
4631
4635
4644
4648
4652
4671
4674
4683
4688
4692
4693
4708
4713
4714
4715
4718
4722
4723
4726
4740
4745
4749
4755
4757
4760
4762
4766
4771
4775
4776
4781
4790
4792
4794
4807
4809
4818
4826
4829
4830
4833
4842
4846
4854
4863
4876
4877
4882
4883
4892
4898
4906
4910
4920
4926
4928
4929
4933
4953
4956
4967
4969
4970
4974
