62
3576
4068
3447
4856
4192
2712
2916
1014
4915
632
3526
2726
75
2349
4673
394
3793
4873
335
313
3521
4043
2054
3595
3483
2997
4008
4246
1699
4640
331
894
1283
3846
208
101
4539
237
4220
1016
584
1182
4875
3962
4534
3898
287
1375
1980
1300
889
3515
2780
2063
1537
1235
80
1842
3347
1197
3588
3767
2469
4642
1520
1756
1233
1868
1611
3996
1105
1830
1704
2620
712
1737
3535
943
3538
4148
2837
3201
2109
3439
4904
4911
4498
3921
1873
2815
3570
4859
3403
4651
4883
3052
2334
2412
4627
2444
1877
1991
1848
200
1903
2235
2791
3761
1983
149
4271
3151
3844
2126
1135
4997
3015
801
566
3762
4491
1569
3080
1254
512
1493
743
873
3149
3441
1053
107
1180
4910
3598
3037
2489
1132
1506
4013
415
4123
3965
4484
1723
3394
724
2470
2
2216
1243
1892
4786
72
3925
4601
2243
2796
230
2405
3333
977
1587
1550
3456
3517
4479
2424
84
2962
2466
2267
3139
2604
4671
4938
576
2014
3833
129
1962
987
3803
3929
2821
4693
4419
4652
4990
1349
4079
4337
4831
1640
2826
4197
1879
2261
3301
4952
2994
1047
88
4814
96
4452
3856
1703
4365
279
2861
322
3802
1992
896
4289
4235
2481
2554
371
549
4790
3219
219
1256
1504
2651
3977
4972
2271
4475
1517
1818
3353
4953
2792
3249
2642
2700
3000
4252
254
4967
1365
151
2306
4710
2984
2918
700
1913
974
3429
1925
3237
4075
2221
591
1529
1483
1020
2825
271
1194
2934
2292
2834
3212
4806
4411
3221
4758
4278
2443
4176
3065
4298
474
4367
4513
1085
1816
3077
3349
1847
4209
567
1021
99
1360
1068
4159
4372
3926
2004
3003
1426
2600
1908
4893
4754
1498
1890
2351
963
1743
3126
3546
2764
369
2367
2514
1226
467
1573
97
1700
1975
4430
330
3078
270
1545
4234
4388
4449
985
4834
4981
2987
4306
1415
4277
4914
89
33
4262
2156
252
4542
1531
1833
4892
2824
3211
4093
4216
4809
669
4492
4549
555
4628
2257
3942
2648
2797
3321
421
2684
4401
2138
2859
4737
3244
4363
4818
3061
4163
209
1344
653
1289
4342
3210
1927
1396
1371
993
4026
3048
4749
3412
1966
4374
3958
3092
3166
1632
2165
557
3117
4480
4435
3020
1011
2047
3128
3664
4842
4210
2544
2747
2329
1532
3038
2939
2313
1067
2233
1048
347
4386
3991
3825
2177
431
1030
4969
587
1386
4097
319
2086
2903
3063
2298
3383
2056
4871
2192
4299
1724
3948
903
4780
2337
2961
617
361
4126
59
2993
4264
2294
3712
4373
2186
4143
4371
1216
1746
1120
487
25
1176
3534
4993
1774
289
3827
2161
1555
3894
1907
2239
2174
2570
1622
3070
2402
380
1476
764
2003
1760
2618
4548
1049
2705
1446
280
2622
685
1973
3467
1461
4198
2039
1491
281
1900
1974
4927
3022
4028
2983
4605
1891
2277
1428
2509
3985
249
2287
135
1457
4802
1543
827
4949
958
3530
2372
1185
758
3866
3784
532
787
3806
109
133
1025
3608
1549
2363
3446
2656
4414
4191
1488
2921
79
2612
1790
630
4535
662
875
278
4445
359
1232
2499
4369
2803
1238
2641
3481
4039
3698
1229
2895
4056
2357
1009
36
1063
971
3156
3355
470
3322
2725
3165
4898
2431
4755
4009
966
1935
920
2785
1372
2421
1901
2129
4301
808
4146
2001
2454
3837
225
3361
2229
4829
4880
3747
3032
4826
2226
3356
3449
334
1920
132
2342
3573
2755
2095
2456
4895
859
222
3152
387
1895
1844
1094
3864
3115
535
4438
2389
2485
2340
4279
3906
4471
3536
2406
3710
1572
1408
3270
1015
93
2957
2678
2722
3479
1218
1244
4454
851
1116
4290
2143
3259
3796
4978
3147
3422
1354
2864
373
850
967
3616
2005
3667
1418
2634
3438
1402
1407
2203
119
681
534
4611
255
2121
2335
2521
2038
4461
2374
2321
1860
4958
1356
1501
2196
946
2652
2798
3252
656
3935
4858
104
4963
144
689
1075
2244
2452
163
273
4153
367
2631
762
153
2928
2260
2866
2361
58
2980
824
3277
1056
1689
707
3959
4243
2398
3571
3294
3920
1340
3425
3937
2268
2735
221
3260
4102
4751
2051
1898
698
2577
3808
3250
4439
3626
4027
4984
776
839
57
3019
748
2995
2488
3799
3114
3485
1450
311
4443
2757
3194
2147
3797
659
1320
667
3798
18
2567
4996
4381
1335
4771
4446
4644
3351
3941
540
433
2788
2212
726
1857
4937
98
3719
2985
3426
1590
791
245
3120
4495
734
2721
1170
4617
4912
2576
831
3654
2096
542
3223
1237
2195
3487
2759
4046
3590
4766
65
2723
664
4320
207
3138
2123
3727
3618
2023
2706
4569
524
171
2022
3872
1825
312
680
1872
3672
308
1970
1580
3205
2358
2558
521
3510
1866
2748
3315
3317
3789
1369
4076
3354
2084
1616
1593
4420
2781
2944
2910
1571
4110
493
4556
1606
1012
4318
2462
327
244
2943
2167
1345
3451
1698
2494
4636
2958
2371
4635
2699
1777
1734
1419
274
3468
178
2386
1003
4745
3975
4344
2671
807
785
3743
4688
1061
2423
2971
3220
556
1324
3729
2385
4120
1607
76
1361
2689
1331
2453
1926
592
3524
3099
2822
784
3445
3170
4139
4331
3874
4357
1544
3567
2020
3243
2869
2043
4974
1200
1577
3505
4723
1477
4447
475
4760
490
3327
2291
4168
3685
1252
12
2598
3905
1469
1097
2938
158
1330
2907
325
275
631
1187
131
2566
1474
970
2194
4757
1414
768
1874
1863
2692
2029
395
2978
492
2745
232
3492
1855
611
3790
3303
4550
4838
2322
2368
265
108
1618
2649
3686
2273
94
1672
1525
2662
2526
2255
3402
140
2560
3198
3785
3025
4345
4403
1732
4899
2353
4018
3893
504
4462
4230
1077
4147
2883
1758
3516
